961.031	5
961.072	7
961.113	-6
961.154	-9
961.194	-1
961.235	-5
961.276	2
961.316	12
961.357	-4
961.398	-6
961.439	-3
961.479	0
961.52	7
961.561	-5
961.602	4
961.642	-2
961.683	1
961.724	6
961.765	0
961.805	-1
961.846	9
961.887	-1
961.927	8
961.968	0
962.009	9
962.05	7
962.09	3
962.131	-6
962.172	5
962.213	5
962.253	-3
962.294	6
962.335	5
962.375	-2
962.416	2
962.457	0
962.498	-10
962.538	1
962.579	2
962.62	0
962.66	-7
962.701	0
962.742	4
962.783	-7
962.823	4
962.864	-2
962.905	-5
962.945	-4
962.986	-1
963.027	-3
963.068	-3
963.108	1
963.149	3
963.19	-4
963.23	-1
963.271	-1
963.312	-1
963.353	-1
963.393	53
963.434	5
963.475	-3
963.515	6
963.556	-2
963.597	-4
963.638	4
963.678	4
963.719	-1
963.76	-1
963.8	-2
963.841	1
963.882	1
963.923	-2
963.963	5
964.004	6
964.045	3
964.085	-1
964.126	6
964.167	-5
964.208	-1
964.248	1
964.289	-1
964.33	2
964.37	1
964.411	4
964.452	-3
964.492	6
964.533	-11
964.574	7
964.615	0
964.655	9
964.696	2
964.737	3
964.777	-3
964.818	-4
964.859	0
964.899	14
964.94	-4
964.981	4
965.022	6
965.062	8
965.103	1
965.144	0
965.184	6
965.225	-4
965.266	1
965.306	-1
965.347	-8
965.388	-5
965.428	2
965.469	-3
965.51	-8
965.551	-4
965.591	-3
965.632	0
965.673	2
965.713	7
965.754	-4
965.795	-2
965.835	1
965.876	2
965.917	3
965.957	2
965.998	-3
966.039	1
966.08	2
966.12	-6
966.161	2
966.202	1
966.242	-4
966.283	-1
966.324	1
966.364	0
966.405	8
966.446	4
966.486	5
966.527	-4
966.568	4
966.608	3
966.649	-2
966.69	9
966.73	1
966.771	6
966.812	3
966.852	-1
966.893	6
966.934	2
966.975	-6
967.015	-3
967.056	6
967.097	-1
967.137	1
967.178	4
967.219	7
967.259	-4
967.3	9
967.341	-5
967.381	0
967.422	7
967.463	0
967.503	0
967.544	1
967.585	-1
967.625	-12
967.666	11
967.707	0
967.747	4
967.788	-2
967.829	3
967.869	3
967.91	-2
967.951	3
967.991	1
968.032	-9
968.073	-5
968.113	-3
968.154	5
968.195	7
968.235	3
968.276	5
968.317	3
968.357	-3
968.398	-10
968.439	4
968.479	-1
968.52	6
968.561	-1
968.601	6
968.642	2
968.683	-1
968.723	3
968.764	9
968.805	2
968.845	7
968.886	3
968.927	5
968.967	-11
969.008	1
969.049	6
969.089	-10
969.13	1
969.171	4
969.211	-5
969.252	5
969.292	6
969.333	-2
969.374	1
969.414	4
969.455	-7
969.496	-1
969.536	5
969.577	-1
969.618	7
969.658	-2
969.699	-1
969.74	7
969.78	2
969.821	2
969.862	6
969.902	1
969.943	4
969.984	4
970.024	10
970.065	13
970.105	8
970.146	-2
970.187	4
970.227	-7
970.268	7
970.309	5
970.349	0
970.39	3
970.431	-1
970.471	3
970.512	3
970.553	7
970.593	-2
970.634	7
970.674	-6
970.715	4
970.756	2
970.796	3
970.837	7
970.878	5
970.918	5
970.959	7
971	1
971.04	4
971.081	2
971.121	8
971.162	0
971.203	-1
971.243	5
971.284	-1
971.325	4
971.365	3
971.406	5
971.447	3
971.487	2
971.528	4
971.568	6
971.609	1
971.65	6
971.69	-2
971.731	-3
971.772	-9
971.812	1
971.853	-9
971.894	-5
971.934	2
971.975	-4
972.015	-3
972.056	1
972.097	11
972.137	4
972.178	-6
972.219	6
972.259	-4
972.3	-2
972.34	-4
972.381	6
972.422	-5
972.462	9
972.503	-1
972.544	6
972.584	11
972.625	5
972.665	3
972.706	-1
972.747	2
972.787	7
972.828	1
972.868	7
972.909	4
972.95	1
972.99	2
973.031	-3
973.072	3
973.112	1
973.153	1
973.193	-4
973.234	11
973.275	2
973.315	-10
973.356	4
973.396	-8
973.437	5
973.478	5
973.518	0
973.559	11
973.6	-2
973.64	1
973.681	9
973.721	9
973.762	3
973.803	7
973.843	7
973.884	-6
973.924	0
973.965	9
974.006	6
974.046	3
974.087	7
974.127	9
974.168	7
974.209	5
974.249	-4
974.29	6
974.33	-8
974.371	2
974.412	-1
974.452	2
974.493	3
974.534	4
974.574	-3
974.615	6
974.655	1
974.696	-8
974.737	2
974.777	10
974.818	-4
974.858	6
974.899	2
974.94	5
974.98	3
975.021	3
975.061	1
975.102	12
975.142	11
975.183	3
975.224	0
975.264	-5
975.305	4
975.345	5
975.386	-2
975.427	6
975.467	4
975.508	-6
975.548	2
975.589	8
975.63	-1
975.67	14
975.711	-3
975.751	2
975.792	1
975.833	-4
975.873	17
975.914	8
975.954	1
975.995	3
976.036	-4
976.076	-3
976.117	1
976.157	-2
976.198	-3
976.238	2
976.279	-4
976.32	0
976.36	-5
976.401	0
976.441	-8
976.482	-2
976.523	-4
976.563	-1
976.604	-1
976.644	10
976.685	1
976.725	-5
976.766	-1
976.807	-3
976.847	5
976.888	-5
976.928	-7
976.969	-4
977.009	1
977.05	0
977.091	1
977.131	0
977.172	-4
977.212	0
977.253	-8
977.294	-8
977.334	-8
977.375	-2
977.415	1
977.456	-7
977.496	1
977.537	8
977.578	-2
977.618	7
977.659	4
977.699	-3
977.74	3
977.78	-2
977.821	3
977.862	-2
977.902	1
977.943	-6
977.983	1
978.024	-5
978.064	-1
978.105	-1
978.145	-7
978.186	2
978.227	2
978.267	8
978.308	1
978.348	1
978.389	9
978.429	1
978.47	1
978.511	-4
978.551	2
978.592	-2
978.632	-5
978.673	0
978.713	-8
978.754	-3
978.795	-8
978.835	-3
978.876	-5
978.916	-1
978.957	8
978.997	3
979.038	4
979.078	7
979.119	-1
979.16	-2
979.2	-1
979.241	2
979.281	1
979.322	-3
979.362	5
979.403	-7
979.443	10
979.484	-2
979.525	-1
979.565	-1
979.606	-3
979.646	7
979.687	-6
979.727	-2
979.768	-3
979.808	-8
979.849	-10
979.889	4
979.93	-5
979.971	-11
980.011	-7
980.052	-2
980.092	3
980.133	-5
980.173	-3
980.214	-5
980.254	-2
980.295	-10
980.335	1
980.376	1
980.417	5
980.457	1
980.498	1
980.538	5
980.579	2
980.619	-4
980.66	5
980.7	-1
980.741	5
980.781	10
980.822	5
980.863	-6
980.903	-5
980.944	-11
980.984	-5
981.025	-8
981.065	-8
981.106	-3
981.146	-2
981.187	-2
981.227	-5
981.268	-8
981.308	-5
981.349	-4
981.389	-2
981.43	-2
981.471	2
981.511	3
981.552	-11
981.592	-4
981.633	-2
981.673	-5
981.714	2
981.754	2
981.795	-9
981.835	-1
981.876	-8
981.916	-2
981.957	-7
981.997	4
982.038	-6
982.079	0
982.119	-13
982.16	-6
982.2	-11
982.241	-3
982.281	-11
982.322	-9
982.362	-7
982.403	-7
982.443	1
982.484	3
982.524	2
982.565	-3
982.605	2
982.646	-1
982.686	-5
982.727	-8
982.767	4
982.808	5
982.848	3
982.889	4
982.929	-1
982.97	-5
983.011	-8
983.051	-5
983.092	-6
983.132	-2
983.173	-19
983.213	-5
983.254	-5
983.294	-6
983.335	-3
983.375	1
983.416	-7
983.456	7
983.497	-4
983.537	-2
983.578	2
983.618	6
983.659	5
983.699	3
983.74	9
983.78	14
983.821	-3
983.861	-3
983.902	-12
983.942	0
983.983	-9
984.023	-2
984.064	-5
984.104	-11
984.145	-2
984.185	-2
984.226	-4
984.266	-8
984.307	-4
984.347	-4
984.388	-8
984.428	-2
984.469	-3
984.509	-3
984.55	7
984.59	-12
984.631	-3
984.671	-5
984.712	8
984.752	-10
984.793	0
984.833	0
984.874	11
984.914	-9
984.955	4
984.995	-7
985.036	0
985.076	5
985.117	0
985.157	-3
985.198	-11
985.238	-4
985.279	-5
985.319	1
985.36	-10
985.4	-4
985.441	-15
985.481	-13
985.522	-1
985.562	-6
985.603	-11
985.643	-5
985.684	-8
985.724	-4
985.765	-6
985.805	-6
985.846	-7
985.886	-1
985.927	2
985.967	-2
986.008	-5
986.048	-2
986.089	2
986.129	-4
986.17	2
986.21	-2
986.251	-3
986.291	8
986.332	-5
986.372	-4
986.413	-5
986.453	-9
986.494	-6
986.534	-12
986.575	8
986.615	-7
986.655	-2
986.696	-6
986.736	-7
986.777	-11
986.817	3
986.858	-9
986.898	-2
986.939	-3
986.979	0
987.02	5
987.06	-2
987.101	-5
987.141	-2
987.182	1
987.222	1
987.263	-2
987.303	-4
987.344	-1
987.384	-6
987.425	0
987.465	1
987.505	-2
987.546	0
987.586	6
987.627	6
987.667	7
987.708	-32
987.748	-3
987.789	8
987.829	0
987.87	1
987.91	-1
987.951	9
987.991	-2
988.032	-3
988.072	4
988.113	-3
988.153	-12
988.193	-5
988.234	-1
988.274	-5
988.315	-3
988.355	-3
988.396	-4
988.436	-2
988.477	2
988.517	-5
988.558	-13
988.598	-1
988.639	0
988.679	-6
988.719	-2
988.76	-7
988.8	2
988.841	0
988.881	-2
988.922	-1
988.962	-5
989.003	0
989.043	2
989.084	3
989.124	0
989.165	-3
989.205	3
989.245	0
989.286	0
989.326	-7
989.367	0
989.407	2
989.448	-3
989.488	-5
989.529	7
989.569	-4
989.61	3
989.65	-8
989.69	-8
989.731	0
989.771	-10
989.812	-6
989.852	-3
989.893	4
989.933	-5
989.974	-3
990.014	2
990.054	-1
990.095	2
990.135	7
990.176	7
990.216	-4
990.257	3
990.297	0
990.338	0
990.378	-8
990.418	-5
990.459	-4
990.499	-2
990.54	5
990.58	-3
990.621	5
990.661	4
990.702	2
990.742	0
990.782	4
990.823	-12
990.863	-2
990.904	1
990.944	-2
990.985	2
991.025	4
991.066	10
991.106	4
991.146	-2
991.187	-2
991.227	-5
991.268	2
991.308	5
991.349	0
991.389	0
991.429	11
991.47	3
991.51	-7
991.551	4
991.591	8
991.632	-6
991.672	5
991.712	5
991.753	1
991.793	4
991.834	-4
991.874	-6
991.915	-2
991.955	5
991.995	-5
992.036	1
992.076	3
992.117	9
992.157	8
992.198	4
992.238	2
992.278	9
992.319	8
992.359	2
992.4	1
992.44	6
992.481	-1
992.521	-2
992.561	-2
992.602	13
992.642	3
992.683	2
992.723	6
992.764	-12
992.804	4
992.844	-4
992.885	6
992.925	0
992.966	3
993.006	1
993.046	10
993.087	5
993.127	12
993.168	6
993.208	4
993.249	-2
993.289	-1
993.329	3
993.37	7
993.41	6
993.451	0
993.491	3
993.531	3
993.572	5
993.612	-2
993.653	9
993.693	7
993.734	-2
993.774	6
993.814	-4
993.855	1
993.895	4
993.936	-11
993.976	0
994.016	6
994.057	-10
994.097	-12
994.138	-4
994.178	-5
994.218	0
994.259	-8
994.299	6
994.34	3
994.38	4
994.42	2
994.461	6
994.501	-2
994.542	4
994.582	2
994.622	7
994.663	0
994.703	3
994.744	2
994.784	2
994.824	-1
994.865	8
994.905	0
994.946	2
994.986	6
995.026	3
995.067	9
995.107	3
995.148	11
995.188	-2
995.228	3
995.269	-3
995.309	-6
995.35	-7
995.39	4
995.43	-2
995.471	5
995.511	3
995.552	5
995.592	5
995.632	10
995.673	2
995.713	5
995.754	1
995.794	9
995.834	-1
995.875	6
995.915	0
995.955	2
995.996	2
996.036	6
996.077	10
996.117	3
996.157	0
996.198	3
996.238	6
996.279	-3
996.319	4
996.359	-4
996.4	-2
996.44	3
996.481	6
996.521	-8
996.561	11
996.602	2
996.642	-4
996.682	-1
996.723	7
996.763	5
996.804	-1
996.844	-10
996.884	4
996.925	2
996.965	2
997.005	7
997.046	10
997.086	2
997.127	4
997.167	6
997.207	1
997.248	4
997.288	4
997.328	2
997.369	12
997.409	-2
997.45	5
997.49	-1
997.53	4
997.571	-8
997.611	1
997.651	9
997.692	5
997.732	-8
997.773	-5
997.813	-6
997.853	8
997.894	6
997.934	-2
997.974	6
998.015	4
998.055	-1
998.096	9
998.136	-6
998.176	7
998.217	-3
998.257	1
998.297	-1
998.338	4
998.378	6
998.418	4
998.459	1
998.499	9
998.54	5
998.58	-3
998.62	1
998.661	0
998.701	3
998.741	4
998.782	7
998.822	7
998.862	5
998.903	-5
998.943	4
998.983	-4
999.024	4
999.064	10
999.105	0
999.145	-5
999.185	4
999.226	-2
999.266	5
999.306	2
999.347	5
999.387	-2
999.427	2
999.468	3
999.508	7
999.548	5
999.589	1
999.629	-2
999.67	9
999.71	-6
999.75	7
999.791	8
999.831	-3
999.871	7
999.912	11
999.952	6
999.992	7
1000.03	5
1000.07	-1
1000.11	-3
1000.15	4
1000.19	-3
1000.23	-4
1000.27	6
1000.32	1
1000.36	2
1000.4	-2
1000.44	8
1000.48	5
1000.52	6
1000.56	2
1000.6	-6
1000.64	1
1000.68	15
1000.72	1
1000.76	11
1000.8	1
1000.84	2
1000.88	-1
1000.92	8
1000.96	0
1001	11
1001.04	-5
1001.08	-6
1001.12	-9
1001.16	-1
1001.2	-3
1001.24	4
1001.28	3
1001.32	9
1001.36	-4
1001.4	1
1001.44	2
1001.48	4
1001.53	-3
1001.57	2
1001.61	-4
1001.65	7
1001.69	-2
1001.73	-3
1001.77	1
1001.81	11
1001.85	-6
1001.89	-7
1001.93	2
1001.97	2
1002.01	-2
1002.05	-6
1002.09	2
1002.13	-4
1002.17	6
1002.21	-1
1002.25	6
1002.29	3
1002.33	3
1002.37	-2
1002.41	0
1002.45	-1
1002.49	7
1002.53	-4
1002.57	2
1002.61	4
1002.65	-1
1002.69	-2
1002.74	5
1002.78	7
1002.82	4
1002.86	5
1002.9	-1
1002.94	-3
1002.98	1
1003.02	-2
1003.06	-2
1003.1	2
1003.14	-4
1003.18	9
1003.22	5
1003.26	-4
1003.3	5
1003.34	1
1003.38	10
1003.42	7
1003.46	-4
1003.5	2
1003.54	-4
1003.58	10
1003.62	0
1003.66	-5
1003.7	-3
1003.74	1
1003.78	4
1003.82	9
1003.86	7
1003.9	-23
1003.94	5
1003.98	2
1004.03	-10
1004.07	3
1004.11	-3
1004.15	-4
1004.19	2
1004.23	-5
1004.27	-2
1004.31	1
1004.35	8
1004.39	6
1004.43	4
1004.47	-1
1004.51	-6
1004.55	3
1004.59	2
1004.63	-2
1004.67	-7
1004.71	-1
1004.75	-1
1004.79	3
1004.83	-5
1004.87	0
1004.91	-1
1004.95	-2
1004.99	-6
1005.03	2
1005.07	-3
1005.11	-5
1005.15	1
1005.19	-2
1005.23	0
1005.27	5
1005.31	-5
1005.36	2
1005.4	-6
1005.44	-7
1005.48	1
1005.52	-38
1005.56	2
1005.6	3
1005.64	7
1005.68	-2
1005.72	9
1005.76	2
1005.8	-4
1005.84	0
1005.88	-14
1005.92	-4
1005.96	-1
1006	-3
1006.04	4
1006.08	-1
1006.12	1
1006.16	-1
1006.2	-2
1006.24	-7
1006.28	-3
1006.32	-1
1006.36	4
1006.4	-4
1006.44	-1
1006.48	2
1006.52	6
1006.56	4
1006.6	-1
1006.64	-3
1006.68	10
1006.72	3
1006.77	-2
1006.81	6
1006.85	4
1006.89	-2
1006.93	4
1006.97	-3
1007.01	0
1007.05	0
1007.09	-5
1007.13	-1
1007.17	-5
1007.21	-7
1007.25	5
1007.29	-1
1007.33	-2
1007.37	5
1007.41	-2
1007.45	5
1007.49	-2
1007.53	1
1007.57	0
1007.61	4
1007.65	2
1007.69	0
1007.73	4
1007.77	1
1007.81	4
1007.85	1
1007.89	-4
1007.93	0
1007.97	1
1008.01	4
1008.05	5
1008.09	5
1008.13	3
1008.17	4
1008.21	4
1008.26	-2
1008.3	-2
1008.34	6
1008.38	-1
1008.42	5
1008.46	-1
1008.5	2
1008.54	-4
1008.58	-3
1008.62	-3
1008.66	1
1008.7	4
1008.74	5
1008.78	7
1008.82	-3
1008.86	2
1008.9	-5
1008.94	2
1008.98	-3
1009.02	3
1009.06	-9
1009.1	-6
1009.14	2
1009.18	-2
1009.22	-4
1009.26	-4
1009.3	-1
1009.34	0
1009.38	6
1009.42	-29
1009.46	-7
1009.5	7
1009.54	3
1009.58	-4
1009.62	13
1009.66	3
1009.7	-11
1009.74	-3
1009.78	0
1009.83	-1
1009.87	-7
1009.91	1
1009.95	5
1009.99	0
1010.03	0
1010.07	-6
1010.11	3
1010.15	-8
1010.19	-11
1010.23	-13
1010.27	4
1010.31	0
1010.35	4
1010.39	2
1010.43	4
1010.47	0
1010.51	0
1010.55	-8
1010.59	-2
1010.63	13
1010.67	-6
1010.71	-1
1010.75	7
1010.79	-10
1010.83	-8
1010.87	2
1010.91	0
1010.95	1
1010.99	1
1011.03	-1
1011.07	-3
1011.11	-2
1011.15	-7
1011.19	-7
1011.23	-5
1011.27	1
1011.31	-5
1011.35	-1
1011.39	-5
1011.43	-1
1011.48	3
1011.52	2
1011.56	0
1011.6	-1
1011.64	-6
1011.68	-8
1011.72	6
1011.76	0
1011.8	-2
1011.84	-10
1011.88	0
1011.92	-5
1011.96	1
1012	-5
1012.04	0
1012.08	10
1012.12	6
1012.16	3
1012.2	-6
1012.24	-3
1012.28	0
1012.32	-4
1012.36	-4
1012.4	3
1012.44	6
1012.48	-3
1012.52	-1
1012.56	-4
1012.6	-5
1012.64	-5
1012.68	2
1012.72	1
1012.76	-3
1012.8	6
1012.84	-3
1012.88	4
1012.92	2
1012.96	-6
1013	-7
1013.04	-1
1013.08	1
1013.12	6
1013.16	1
1013.2	13
1013.24	2
1013.29	-2
1013.33	4
1013.37	4
1013.41	-1
1013.45	11
1013.49	8
1013.53	4
1013.57	5
1013.61	2
1013.65	-8
1013.69	5
1013.73	8
1013.77	1
1013.81	-5
1013.85	3
1013.89	-10
1013.93	1
1013.97	4
1014.01	-2
1014.05	2
1014.09	0
1014.13	4
1014.17	2
1014.21	0
1014.25	-2
1014.29	-6
1014.33	-11
1014.37	9
1014.41	2
1014.45	12
1014.49	-2
1014.53	2
1014.57	-1
1014.61	7
1014.65	8
1014.69	1
1014.73	4
1014.77	-3
1014.81	-5
1014.85	-1
1014.89	5
1014.93	-4
1014.97	-3
1015.01	1
1015.05	-2
1015.09	-3
1015.13	-3
1015.17	6
1015.21	1
1015.26	1
1015.3	4
1015.34	-1
1015.38	-1
1015.42	-1
1015.46	4
1015.5	-5
1015.54	4
1015.58	-2
1015.62	6
1015.66	7
1015.7	-1
1015.74	2
1015.78	6
1015.82	0
1015.86	5
1015.9	13
1015.94	9
1015.98	-1
1016.02	-8
1016.06	-1
1016.1	-4
1016.14	1
1016.18	10
1016.22	-8
1016.26	-4
1016.3	5
1016.34	0
1016.38	2
1016.42	1
1016.46	-5
1016.5	4
1016.54	-2
1016.58	-7
1016.62	-1
1016.66	-3
1016.7	-2
1016.74	0
1016.78	-5
1016.82	7
1016.86	0
1016.9	0
1016.94	1
1016.98	2
1017.02	-3
1017.06	2
1017.1	0
1017.14	44
1017.18	7
1017.22	5
1017.26	5
1017.3	5
1017.34	-6
1017.38	2
1017.43	0
1017.47	-4
1017.51	5
1017.55	6
1017.59	-2
1017.63	4
1017.67	-3
1017.71	9
1017.75	-6
1017.79	-3
1017.83	8
1017.87	3
1017.91	3
1017.95	6
1017.99	3
1018.03	4
1018.07	10
1018.11	-3
1018.15	3
1018.19	6
1018.23	10
1018.27	-3
1018.31	1
1018.35	1
1018.39	6
1018.43	7
1018.47	14
1018.51	2
1018.55	0
1018.59	4
1018.63	4
1018.67	-2
1018.71	1
1018.75	0
1018.79	10
1018.83	-3
1018.87	1
1018.91	3
1018.95	1
1018.99	4
1019.03	3
1019.07	6
1019.11	3
1019.15	-7
1019.19	6
1019.23	-2
1019.27	-1
1019.31	-3
1019.35	-5
1019.39	9
1019.43	-3
1019.47	0
1019.51	2
1019.55	35
1019.59	10
1019.63	5
1019.67	-2
1019.71	0
1019.75	1
1019.79	-8
1019.83	-10
1019.87	-4
1019.92	5
1019.96	-4
1020	9
1020.04	5
1020.08	6
1020.12	2
1020.16	2
1020.2	3
1020.24	2
1020.28	6
1020.32	8
1020.36	2
1020.4	10
1020.44	-6
1020.48	-2
1020.52	15
1020.56	2
1020.6	5
1020.64	4
1020.68	2
1020.72	5
1020.76	6
1020.8	4
1020.84	8
1020.88	7
1020.92	-5
1020.96	1
1021	10
1021.04	-12
1021.08	12
1021.12	6
1021.16	12
1021.2	8
1021.24	1
1021.28	2
1021.32	16
1021.36	10
1021.4	12
1021.44	8
1021.48	4
1021.52	7
1021.56	10
1021.6	6
1021.64	15
1021.68	15
1021.72	16
1021.76	8
1021.8	4
1021.84	9
1021.88	8
1021.92	45
1021.96	7
1022	9
1022.04	17
1022.08	8
1022.12	14
1022.16	8
1022.2	17
1022.24	13
1022.28	16
1022.32	12
1022.36	15
1022.4	16
1022.44	23
1022.48	14
1022.52	14
1022.56	11
1022.6	17
1022.64	18
1022.68	14
1022.72	21
1022.76	27
1022.8	24
1022.84	14
1022.88	22
1022.92	22
1022.97	25
1023.01	19
1023.05	24
1023.09	28
1023.13	26
1023.17	22
1023.21	24
1023.25	27
1023.29	26
1023.33	23
1023.37	19
1023.41	20
1023.45	18
1023.49	30
1023.53	26
1023.57	30
1023.61	24
1023.65	21
1023.69	24
1023.73	26
1023.77	30
1023.81	35
1023.85	32
1023.89	27
1023.93	34
1023.97	23
1024.01	28
1024.05	34
1024.09	39
1024.13	36
1024.17	41
1024.21	47
1024.25	56
1024.29	60
1024.33	65
1024.37	60
1024.41	65
1024.45	64
1024.49	61
1024.53	74
1024.57	83
1024.61	62
1024.65	76
1024.69	72
1024.73	82
1024.77	74
1024.81	67
1024.85	73
1024.89	67
1024.93	69
1024.97	78
1025.01	80
1025.05	92
1025.09	80
1025.13	89
1025.17	95
1025.21	103
1025.25	87
1025.29	116
1025.33	119
1025.37	132
1025.41	143
1025.45	158
1025.49	159
1025.53	178
1025.57	192
1025.61	217
1025.65	210
1025.69	240
1025.73	238
1025.77	263
1025.81	268
1025.85	286
1025.89	295
1025.93	309
1025.97	323
1026.01	344
1026.05	350
1026.09	371
1026.13	380
1026.17	396
1026.21	400
1026.25	401
1026.29	417
1026.33	447
1026.37	441
1026.41	466
1026.45	443
1026.49	435
1026.53	439
1026.57	445
1026.61	446
1026.65	441
1026.69	433
1026.73	442
1026.77	426
1026.81	444
1026.85	441
1026.89	441
1026.93	436
1026.97	442
1027.01	423
1027.05	438
1027.1	420
1027.14	424
1027.18	422
1027.22	419
1027.26	415
1027.3	387
1027.34	399
1027.38	401
1027.42	387
1027.46	393
1027.5	382
1027.54	381
1027.58	372
1027.62	371
1027.66	356
1027.7	351
1027.74	333
1027.78	331
1027.82	310
1027.86	311
1027.9	304
1027.94	286
1027.98	268
1028.02	261
1028.06	250
1028.1	242
1028.14	244
1028.18	242
1028.22	227
1028.26	212
1028.3	193
1028.34	206
1028.38	179
1028.42	189
1028.46	176
1028.5	167
1028.54	163
1028.58	152
1028.62	146
1028.66	163
1028.7	149
1028.74	147
1028.78	140
1028.82	140
1028.86	124
1028.9	123
1028.94	113
1028.98	128
1029.02	99
1029.06	111
1029.1	90
1029.14	94
1029.18	82
1029.22	88
1029.26	77
1029.3	76
1029.34	72
1029.38	67
1029.42	58
1029.46	62
1029.5	51
1029.54	57
1029.58	42
1029.62	56
1029.66	46
1029.7	45
1029.74	40
1029.78	45
1029.82	35
1029.86	24
1029.9	26
1029.94	31
1029.98	22
1030.02	21
1030.06	30
1030.1	27
1030.14	21
1030.18	8
1030.22	16
1030.26	11
1030.3	-35
1030.34	15
1030.38	12
1030.42	11
1030.46	9
1030.5	8
1030.54	1
1030.58	8
1030.62	7
1030.66	13
1030.7	10
1030.74	1
1030.78	-1
1030.82	7
1030.86	1
1030.9	-5
1030.94	5
1030.98	4
1031.02	2
1031.06	1
1031.1	12
1031.14	16
1031.18	0
1031.22	6
1031.26	7
1031.3	-10
1031.34	6
1031.38	11
1031.42	-3
1031.46	3
1031.5	1
1031.54	-3
1031.58	-2
1031.62	2
1031.66	-3
1031.7	-3
1031.74	-6
1031.78	4
1031.82	-5
1031.86	-2
1031.9	-11
1031.94	6
1031.98	-3
1032.02	1
1032.06	3
1032.1	1
1032.14	-5
1032.18	-6
1032.22	-9
1032.26	-2
1032.3	3
1032.34	6
1032.38	-1
1032.42	-2
1032.46	3
1032.5	12
1032.54	-4
1032.58	7
1032.62	15
1032.66	9
1032.7	1
1032.74	4
1032.78	-1
1032.82	-2
1032.86	-7
1032.9	-7
1032.94	-5
1032.98	-10
1033.02	5
1033.06	2
1033.1	-9
1033.14	-7
1033.18	-5
1033.22	-12
1033.26	-1
1033.3	-10
1033.34	-1
1033.38	-4
1033.42	-7
1033.46	-13
1033.5	-1
1033.54	-8
1033.58	-1
1033.62	-6
1033.66	1
1033.7	3
1033.74	7
1033.78	-6
1033.82	0
1033.86	1
1033.9	-6
1033.94	0
1033.98	-3
1034.02	0
1034.06	1
1034.1	14
1034.14	-5
1034.18	-5
1034.22	2
1034.26	-4
1034.3	3
1034.34	-7
1034.38	-9
1034.42	-9
1034.46	-6
1034.5	-3
1034.54	-5
1034.58	-1
1034.62	-5
1034.66	-1
1034.7	-3
1034.74	0
1034.78	-5
1034.82	-3
1034.86	-9
1034.9	-3
1034.94	-2
1034.98	3
1035.02	-6
1035.06	8
1035.1	1
1035.14	10
1035.18	-5
1035.22	2
1035.26	2
1035.3	-3
1035.34	4
1035.38	2
1035.42	4
1035.46	-12
1035.5	-2
1035.54	-7
1035.58	-8
1035.62	-6
1035.66	-2
1035.7	-9
1035.74	-7
1035.78	-4
1035.82	-4
1035.86	4
1035.9	-10
1035.94	-7
1035.98	-1
1036.02	-9
1036.06	-5
1036.1	-5
1036.14	-7
1036.18	5
1036.22	1
1036.26	-5
1036.3	2
1036.34	-7
1036.38	-8
1036.42	3
1036.46	3
1036.5	3
1036.54	28
1036.58	-2
1036.62	2
1036.66	0
1036.7	5
1036.74	-6
1036.78	-4
1036.82	-3
1036.86	-10
1036.9	-5
1036.94	2
1036.98	-7
1037.02	-9
1037.06	-3
1037.1	0
1037.14	4
1037.18	2
1037.22	1
1037.26	0
1037.3	-14
1037.34	-4
1037.38	-13
1037.42	-2
1037.46	-2
1037.5	2
1037.54	-2
1037.58	-4
1037.62	3
1037.66	-11
1037.7	-1
1037.74	-10
1037.78	31
1037.82	-12
1037.86	-10
1037.9	-4
1037.94	-6
1037.98	-17
1038.02	2
1038.06	-7
1038.1	-9
1038.14	1
1038.18	-9
1038.22	3
1038.26	-7
1038.3	-2
1038.34	-1
1038.38	-18
1038.42	-12
1038.46	-1
1038.5	-1
1038.54	-5
1038.58	2
1038.62	-9
1038.66	-5
1038.7	-8
1038.74	-6
1038.78	-1
1038.82	4
1038.86	-6
1038.9	-7
1038.94	-4
1038.98	-1
1039.02	1
1039.06	-2
1039.1	4
1039.14	-1
1039.18	-6
1039.22	3
1039.26	-10
1039.3	6
1039.34	0
1039.38	4
1039.42	-2
1039.46	0
1039.5	-3
1039.54	5
1039.58	-2
1039.62	5
1039.66	-2
1039.7	-4
1039.74	1
1039.78	-2
1039.82	-3
1039.86	-5
1039.9	-5
1039.94	1
1039.98	-1
1040.02	-9
1040.06	5
1040.1	-8
1040.14	1
1040.18	-5
1040.22	5
1040.26	-1
1040.3	2
1040.34	-1
1040.38	2
1040.42	6
1040.46	7
1040.5	0
1040.54	-1
1040.58	-5
1040.62	-1
1040.66	-4
1040.7	-2
1040.74	4
1040.78	7
1040.82	10
1040.86	1
1040.9	-4
1040.94	25
1040.98	7
1041.02	0
1041.06	-4
1041.1	2
1041.14	6
1041.18	5
1041.22	-8
1041.26	0
1041.3	6
1041.34	8
1041.38	-8
1041.42	7
1041.46	-4
1041.5	-5
1041.54	5
1041.58	6
1041.62	-6
1041.66	0
1041.7	1
1041.74	7
1041.78	-2
1041.82	11
1041.86	0
1041.9	3
1041.94	-1
1041.98	6
1042.02	1
1042.06	0
1042.09	4
1042.13	-6
1042.17	-18
1042.21	-4
1042.25	1
1042.29	-3
1042.33	4
1042.37	-8
1042.41	-3
1042.45	-5
1042.49	-7
1042.53	-5
1042.57	-5
1042.61	-1
1042.65	6
1042.69	-6
1042.73	-3
1042.77	-1
1042.81	7
1042.85	-2
1042.89	-1
1042.93	-3
1042.97	-3
1043.01	6
1043.05	4
1043.09	-1
1043.13	17
1043.17	-3
1043.21	1
1043.25	-2
1043.29	4
1043.33	2
1043.37	5
1043.41	0
1043.45	-1
1043.49	1
1043.53	9
1043.57	8
1043.61	-4
1043.65	-2
1043.69	3
1043.73	5
1043.77	0
1043.81	1
1043.85	0
1043.89	2
1043.93	-1
1043.97	-3
1044.01	1
1044.05	1
1044.09	3
1044.13	4
1044.17	2
1044.21	-2
1044.25	3
1044.29	6
1044.33	10
1044.37	1
1044.41	-2
1044.45	5
1044.49	8
1044.53	16
1044.57	3
1044.61	15
1044.65	2
1044.69	4
1044.73	7
1044.77	4
1044.81	11
1044.85	8
1044.89	7
1044.93	6
1044.97	9
1045.01	9
1045.05	-1
1045.09	5
1045.13	5
1045.17	6
1045.21	-8
1045.25	6
1045.29	-4
1045.33	4
1045.37	5
1045.41	12
1045.45	7
1045.49	2
1045.53	-13
1045.57	-2
1045.61	3
1045.65	11
1045.69	6
1045.73	-3
1045.77	0
1045.81	1
1045.85	12
1045.89	10
1045.93	3
1045.97	5
1046.01	8
1046.05	1
1046.09	-2
1046.13	13
1046.17	6
1046.2	15
1046.24	4
1046.28	4
1046.32	0
1046.36	-1
1046.4	-3
1046.44	-1
1046.48	4
1046.52	-4
1046.56	-7
1046.6	8
1046.64	3
1046.68	10
1046.72	-3
1046.76	3
1046.8	2
1046.84	-1
1046.88	3
1046.92	1
1046.96	9
1047	6
1047.04	0
1047.08	2
1047.12	5
1047.16	6
1047.2	7
1047.24	2
1047.28	4
1047.32	5
1047.36	2
1047.4	1
1047.44	2
1047.48	4
1047.52	3
1047.56	-2
1047.6	5
1047.64	-8
1047.68	-1
1047.72	-2
1047.76	0
1047.8	5
1047.84	1
1047.88	-1
1047.92	-3
1047.96	-2
1048	-29
1048.04	0
1048.08	10
1048.12	0
1048.16	-9
1048.2	0
1048.24	-1
1048.28	4
1048.32	4
1048.36	3
1048.4	7
1048.44	-4
1048.48	-7
1048.52	1
1048.56	5
1048.6	5
1048.64	3
1048.68	3
1048.72	-1
1048.76	4
1048.8	1
1048.84	3
1048.88	5
1048.92	8
1048.96	7
1049	6
1049.04	5
1049.08	2
1049.12	-2
1049.16	3
1049.2	-1
1049.23	9
1049.27	4
1049.31	-4
1049.35	-2
1049.39	3
1049.43	1
1049.47	1
1049.51	10
1049.55	6
1049.59	9
1049.63	7
1049.67	-3
1049.71	5
1049.75	5
1049.79	1
1049.83	-1
1049.87	-2
1049.91	8
1049.95	0
1049.99	5
1050.03	8
1050.07	-2
1050.11	5
1050.15	-3
1050.19	10
1050.23	8
1050.27	8
1050.31	14
1050.35	-4
1050.39	1
1050.43	2
1050.47	-2
1050.51	7
1050.55	-1
1050.59	3
1050.63	-5
1050.67	-9
1050.71	6
1050.75	5
1050.79	9
1050.83	7
1050.87	1
1050.91	5
1050.95	6
1050.99	4
1051.03	-1
1051.07	9
1051.11	5
1051.15	0
1051.19	-3
1051.23	5
1051.27	4
1051.31	0
1051.35	4
1051.39	9
1051.43	4
1051.47	12
1051.51	1
1051.55	5
1051.59	-1
1051.63	4
1051.67	-1
1051.7	3
1051.74	9
1051.78	-14
1051.82	-4
1051.86	-6
1051.9	-5
1051.94	0
1051.98	-7
1052.02	4
1052.06	5
1052.1	2
1052.14	8
1052.18	1
1052.22	2
1052.26	5
1052.3	10
1052.34	0
1052.38	4
1052.42	0
1052.46	8
1052.5	6
1052.54	4
1052.58	-8
1052.62	15
1052.66	5
1052.7	1
1052.74	-6
1052.78	-2
1052.82	4
1052.86	4
1052.9	-2
1052.94	4
1052.98	-12
1053.02	1
1053.06	-8
1053.1	0
1053.14	3
1053.18	-2
1053.22	14
1053.26	-3
1053.3	7
1053.34	-3
1053.38	3
1053.42	1
1053.46	2
1053.5	-10
1053.54	6
1053.58	1
1053.62	3
1053.66	-6
1053.7	5
1053.74	4
1053.78	11
1053.82	-6
1053.85	3
1053.89	7
1053.93	-3
1053.97	-3
1054.01	-1
1054.05	-4
1054.09	4
1054.13	2
1054.17	4
1054.21	18
1054.25	5
1054.29	11
1054.33	8
1054.37	2
1054.41	-7
1054.45	2
1054.49	-11
1054.53	1
1054.57	-6
1054.61	1
1054.65	-4
1054.69	3
1054.73	0
1054.77	-7
1054.81	9
1054.85	3
1054.89	0
1054.93	10
1054.97	-3
1055.01	1
1055.05	2
1055.09	0
1055.13	4
1055.17	2
1055.21	1
1055.25	7
1055.29	6
1055.33	2
1055.37	8
1055.41	10
1055.45	15
1055.49	-1
1055.53	0
1055.57	6
1055.61	5
1055.65	0
1055.69	4
1055.73	-5
1055.77	0
1055.8	4
1055.84	-3
1055.88	8
1055.92	-2
1055.96	6
1056	-4
1056.04	0
1056.08	-7
1056.12	0
1056.16	-7
1056.2	8
1056.24	-6
1056.28	4
1056.32	6
1056.36	4
1056.4	-8
1056.44	47
1056.48	5
1056.52	3
1056.56	-5
1056.6	-2
1056.64	-1
1056.68	1
1056.72	0
1056.76	5
1056.8	0
1056.84	1
1056.88	-4
1056.92	0
1056.96	0
1057	-2
1057.04	-1
1057.08	-5
1057.12	18
1057.16	14
1057.2	2
1057.24	-5
1057.28	0
1057.32	-5
1057.36	2
1057.4	-7
1057.44	2
1057.48	-4
1057.52	2
1057.56	5
1057.59	-3
1057.63	1
1057.67	-1
1057.71	-4
1057.75	-8
1057.79	-3
1057.83	3
1057.87	3
1057.91	-8
1057.95	2
1057.99	0
1058.03	3
1058.07	2
1058.11	-1
1058.15	0
1058.19	-7
1058.23	4
1058.27	4
1058.31	-4
1058.35	3
1058.39	-4
1058.43	-4
1058.47	0
1058.51	-3
1058.55	-13
1058.59	3
1058.63	-2
1058.67	4
1058.71	-7
1058.75	-2
1058.79	-7
1058.83	-7
1058.87	-5
1058.91	-6
1058.95	0
1058.99	1
1059.03	-1
1059.07	2
1059.11	-3
1059.15	2
1059.19	5
1059.22	9
1059.26	3
1059.3	-4
1059.34	5
1059.38	0
1059.42	1
1059.46	-3
1059.5	-6
1059.54	1
1059.58	-1
1059.62	1
1059.66	2
1059.7	-5
1059.74	6
1059.78	11
1059.82	2
1059.86	-9
1059.9	-7
1059.94	1
1059.98	-3
1060.02	-2
1060.06	-2
1060.1	2
1060.14	9
1060.18	-4
1060.22	-10
1060.26	-7
1060.3	0
1060.34	-2
1060.38	-7
1060.42	1
1060.46	-5
1060.5	5
1060.54	-4
1060.58	-1
1060.62	-3
1060.66	-1
1060.7	-5
1060.74	1
1060.77	1
1060.81	1
1060.85	1
1060.89	-5
1060.93	-2
1060.97	-4
1061.01	-1
1061.05	1
1061.09	-9
1061.13	0
1061.17	3
1061.21	-1
1061.25	-4
1061.29	2
1061.33	2
1061.37	-6
1061.41	-4
1061.45	1
1061.49	3
1061.53	-5
1061.57	5
1061.61	-10
1061.65	-4
1061.69	4
1061.73	5
1061.77	-6
1061.81	-9
1061.85	-3
1061.89	5
1061.93	-1
1061.97	1
1062.01	2
1062.05	-3
1062.09	11
1062.13	-1
1062.17	2
1062.21	1
1062.24	7
1062.28	4
1062.32	2
1062.36	-3
1062.4	1
1062.44	7
1062.48	0
1062.52	-5
1062.56	-2
1062.6	1
1062.64	-2
1062.68	-8
1062.72	2
1062.76	6
1062.8	0
1062.84	0
1062.88	6
1062.92	4
1062.96	-3
1063	-4
1063.04	-2
1063.08	8
1063.12	-4
1063.16	4
1063.2	-1
1063.24	-1
1063.28	5
1063.32	2
1063.36	0
1063.4	2
1063.44	2
1063.48	-3
1063.52	4
1063.56	3
1063.59	3
1063.63	8
1063.67	1
1063.71	-1
1063.75	-13
1063.79	-5
1063.83	-4
1063.87	2
1063.91	-3
1063.95	4
1063.99	3
1064.03	4
1064.07	4
1064.11	-8
1064.15	-4
1064.19	0
1064.23	2
1064.27	-5
1064.31	-1
1064.35	2
1064.39	1
1064.43	4
1064.47	-5
1064.51	1
1064.55	3
1064.59	-3
1064.63	-48
1064.67	-3
1064.71	3
1064.75	4
1064.79	-3
1064.83	2
1064.87	0
1064.91	-2
1064.94	-5
1064.98	-3
1065.02	-5
1065.06	8
1065.1	-4
1065.14	-6
1065.18	-1
1065.22	-3
1065.26	-6
1065.3	1
1065.34	-7
1065.38	3
1065.42	2
1065.46	3
1065.5	-4
1065.54	2
1065.58	-6
1065.62	2
1065.66	2
1065.7	9
1065.74	4
1065.78	3
1065.82	2
1065.86	-3
1065.9	5
1065.94	-1
1065.98	1
1066.02	0
1066.06	-5
1066.1	4
1066.14	3
1066.18	3
1066.21	-10
1066.25	8
1066.29	-2
1066.33	5
1066.37	3
1066.41	2
1066.45	5
1066.49	-3
1066.53	6
1066.57	0
1066.61	2
1066.65	6
1066.69	3
1066.73	11
1066.77	1
1066.81	1
1066.85	3
1066.89	-3
1066.93	-2
1066.97	2
1067.01	1
1067.05	-4
1067.09	-2
1067.13	3
1067.17	3
1067.21	-3
1067.25	5
1067.29	8
1067.33	5
1067.37	4
1067.4	10
1067.44	-5
1067.48	3
1067.52	8
1067.56	0
1067.6	-2
1067.64	7
1067.68	5
1067.72	-7
1067.76	7
1067.8	4
1067.84	0
1067.88	3
1067.92	7
1067.96	1
1068	5
1068.04	4
1068.08	-8
1068.12	-5
1068.16	1
1068.2	9
1068.24	-2
1068.28	-2
1068.32	9
1068.36	1
1068.4	4
1068.44	-5
1068.48	-3
1068.52	9
1068.56	3
1068.59	-4
1068.63	1
1068.67	3
1068.71	-1
1068.75	-4
1068.79	4
1068.83	5
1068.87	3
1068.91	-3
1068.95	4
1068.99	2
1069.03	4
1069.07	0
1069.11	-5
1069.15	-2
1069.19	6
1069.23	-7
1069.27	-2
1069.31	0
1069.35	4
1069.39	-4
1069.43	1
1069.47	2
1069.51	4
1069.55	4
1069.59	4
1069.63	-8
1069.67	2
1069.7	4
1069.74	-5
1069.78	4
1069.82	2
1069.86	11
1069.9	4
1069.94	6
1069.98	6
1070.02	3
1070.06	4
1070.1	-1
1070.14	2
1070.18	9
1070.22	4
1070.26	5
1070.3	11
1070.34	2
1070.38	4
1070.42	9
1070.46	4
1070.5	10
1070.54	7
1070.58	4
1070.62	4
1070.66	2
1070.7	-12
1070.74	1
1070.78	4
1070.81	-3
1070.85	2
1070.89	2
1070.93	44
1070.97	0
1071.01	4
1071.05	6
1071.09	2
1071.13	4
1071.17	0
1071.21	4
1071.25	7
1071.29	3
1071.33	0
1071.37	-3
1071.41	0
1071.45	3
1071.49	14
1071.53	2
1071.57	0
1071.61	-5
1071.65	4
1071.69	-5
1071.73	7
1071.77	-4
1071.81	11
1071.85	-2
1071.88	9
1071.92	6
1071.96	0
1072	-3
1072.04	4
1072.08	6
1072.12	-10
1072.16	-1
1072.2	-1
1072.24	-1
1072.28	-2
1072.32	1
1072.36	-29
1072.4	5
1072.44	4
1072.48	1
1072.52	8
1072.56	2
1072.6	3
1072.64	10
1072.68	-1
1072.72	1
1072.76	2
1072.8	12
1072.84	-1
1072.88	7
1072.91	0
1072.95	4
1072.99	12
1073.03	0
1073.07	5
1073.11	7
1073.15	3
1073.19	12
1073.23	5
1073.27	1
1073.31	31
1073.35	6
1073.39	8
1073.43	4
1073.47	-2
1073.51	-11
1073.55	-9
1073.59	4
1073.63	2
1073.67	17
1073.71	-2
1073.75	3
1073.79	3
1073.83	11
1073.87	6
1073.9	3
1073.94	8
1073.98	4
1074.02	2
1074.06	3
1074.1	-2
1074.14	2
1074.18	5
1074.22	2
1074.26	2
1074.3	6
1074.34	7
1074.38	4
1074.42	3
1074.46	5
1074.5	-2
1074.54	1
1074.58	-2
1074.62	0
1074.66	-4
1074.7	9
1074.74	0
1074.78	0
1074.82	0
1074.86	-4
1074.89	5
1074.93	10
1074.97	9
1075.01	9
1075.05	0
1075.09	-2
1075.13	2
1075.17	0
1075.21	8
1075.25	5
1075.29	11
1075.33	1
1075.37	1
1075.41	2
1075.45	3
1075.49	-3
1075.53	-6
1075.57	4
1075.61	-1
1075.65	-5
1075.69	5
1075.73	-1
1075.77	5
1075.81	-4
1075.84	0
1075.88	-1
1075.92	-7
1075.96	-5
1076	-1
1076.04	8
1076.08	-5
1076.12	0
1076.16	5
1076.2	17
1076.24	1
1076.28	0
1076.32	-2
1076.36	6
1076.4	7
1076.44	6
1076.48	7
1076.52	0
1076.56	10
1076.6	0
1076.64	11
1076.68	-5
1076.72	-1
1076.76	5
1076.79	1
1076.83	1
1076.87	-1
1076.91	4
1076.95	-5
1076.99	4
1077.03	3
1077.07	-4
1077.11	-3
1077.15	9
1077.19	0
1077.23	3
1077.27	0
1077.31	4
1077.35	-4
1077.39	0
1077.43	11
1077.47	5
1077.51	0
1077.55	9
1077.59	4
1077.63	8
1077.67	-4
1077.7	-2
1077.74	2
1077.78	6
1077.82	-6
1077.86	5
1077.9	3
1077.94	10
1077.98	-2
1078.02	5
1078.06	5
1078.1	1
1078.14	11
1078.18	8
1078.22	3
1078.26	-2
1078.3	-7
1078.34	1
1078.38	1
1078.42	9
1078.46	1
1078.5	3
1078.54	5
1078.57	1
1078.61	10
1078.65	9
1078.69	7
1078.73	-2
1078.77	6
1078.81	-2
1078.85	5
1078.89	10
1078.93	8
1078.97	3
1079.01	-2
1079.05	-1
1079.09	6
1079.13	5
1079.17	1
1079.21	2
1079.25	1
1079.29	0
1079.33	-5
1079.37	-3
1079.41	5
1079.44	-4
1079.48	1
1079.52	-1
1079.56	-3
1079.6	4
1079.64	5
1079.68	3
1079.72	3
1079.76	3
1079.8	-9
1079.84	-3
1079.88	-1
1079.92	3
1079.96	0
1080	1
1080.04	-1
1080.08	-1
1080.12	0
1080.16	-4
1080.2	-1
1080.24	-1
1080.28	-1
1080.31	-4
1080.35	-2
1080.39	-6
1080.43	55
1080.47	1
1080.51	4
1080.55	1
1080.59	-1
1080.63	-13
1080.67	2
1080.71	0
1080.75	6
1080.79	-16
1080.83	2
1080.87	-5
1080.91	-4
1080.95	-5
1080.99	0
1081.03	4
1081.07	5
1081.11	-1
1081.14	-4
1081.18	-5
1081.22	-9
1081.26	1
1081.3	-1
1081.34	-1
1081.38	-4
1081.42	-2
1081.46	6
1081.5	6
1081.54	2
1081.58	-4
1081.62	3
1081.66	-3
1081.7	-2
1081.74	-2
1081.78	-1
1081.82	4
1081.86	3
1081.9	-8
1081.94	4
1081.97	-4
1082.01	1
1082.05	-11
1082.09	-9
1082.13	2
1082.17	1
1082.21	-3
1082.25	-4
1082.29	-10
1082.33	-7
1082.37	3
1082.41	-8
1082.45	-4
1082.49	-1
1082.53	-2
1082.57	-9
1082.61	-3
1082.65	2
1082.69	-9
1082.73	1
1082.77	-10
1082.8	-2
1082.84	0
1082.88	0
1082.92	-1
1082.96	4
1083	-4
1083.04	3
1083.08	-7
1083.12	-1
1083.16	-2
1083.2	-7
1083.24	-3
1083.28	-5
1083.32	-11
1083.36	-6
1083.4	2
1083.44	-6
1083.48	1
1083.52	-10
1083.56	0
1083.59	-3
1083.63	-3
1083.67	-8
1083.71	-2
1083.75	-7
1083.79	10
1083.83	-6
1083.87	-4
1083.91	3
1083.95	-1
1083.99	-5
1084.03	-6
1084.07	-5
1084.11	-1
1084.15	-5
1084.19	-1
1084.23	1
1084.27	-12
1084.31	-4
1084.35	-10
1084.38	-10
1084.42	-9
1084.46	2
1084.5	-2
1084.54	-5
1084.58	2
1084.62	-2
1084.66	-1
1084.7	-5
1084.74	-2
1084.78	-4
1084.82	-16
1084.86	-3
1084.9	3
1084.94	4
1084.98	0
1085.02	0
1085.06	-6
1085.1	-6
1085.14	4
1085.17	-11
1085.21	-11
1085.25	-9
1085.29	6
1085.33	-12
1085.37	-11
1085.41	-1
1085.45	-2
1085.49	-1
1085.53	-6
1085.57	-2
1085.61	-8
1085.65	-5
1085.69	0
1085.73	-8
1085.77	1
1085.81	7
1085.85	-7
1085.89	4
1085.92	-2
1085.96	-5
1086	2
1086.04	2
1086.08	2
1086.12	-5
1086.16	-4
1086.2	-7
1086.24	-7
1086.28	3
1086.32	-6
1086.36	-1
1086.4	-3
1086.44	-3
1086.48	-2
1086.52	-5
1086.56	5
1086.6	-1
1086.64	-6
1086.67	-6
1086.71	-12
1086.75	-11
1086.79	-4
1086.83	-4
1086.87	-8
1086.91	-8
1086.95	1
1086.99	5
1087.03	-5
1087.07	5
1087.11	3
1087.15	-7
1087.19	-3
1087.23	3
1087.27	1
1087.31	0
1087.35	0
1087.39	-7
1087.42	2
1087.46	-1
1087.5	-1
1087.54	-3
1087.58	-4
1087.62	-5
1087.66	-5
1087.7	-1
1087.74	8
1087.78	0
1087.82	-16
1087.86	-6
1087.9	-5
1087.94	2
1087.98	-8
1088.02	2
1088.06	-2
1088.1	-2
1088.13	-5
1088.17	-6
1088.21	-3
1088.25	3
1088.29	-6
1088.33	-11
1088.37	8
1088.41	0
1088.45	-2
1088.49	3
1088.53	1
1088.57	-2
1088.61	0
1088.65	1
1088.69	-20
1088.73	2
1088.77	-13
1088.81	12
1088.85	-12
1088.88	-3
1088.92	-10
1088.96	-1
1089	-11
1089.04	5
1089.08	-3
1089.12	-1
1089.16	-4
1089.2	1
1089.24	-8
1089.28	-2
1089.32	2
1089.36	-5
1089.4	-2
1089.44	-13
1089.48	-6
1089.52	0
1089.56	1
1089.59	-1
1089.63	28
1089.67	11
1089.71	1
1089.75	0
1089.79	-13
1089.83	-20
1089.87	8
1089.91	-4
1089.95	-2
1089.99	-6
1090.03	-5
1090.07	-3
1090.11	1
1090.15	-4
1090.19	2
1090.23	-10
1090.26	2
1090.3	2
1090.34	-6
1090.38	-7
1090.42	7
1090.46	-8
1090.5	-5
1090.54	-3
1090.58	-3
1090.62	-8
1090.66	2
1090.7	-11
1090.74	3
1090.78	-8
1090.82	-1
1090.86	-4
1090.9	-9
1090.94	5
1090.97	-3
1091.01	2
1091.05	3
1091.09	7
1091.13	6
1091.17	-7
1091.21	2
1091.25	-19
1091.29	3
1091.33	-4
1091.37	-2
1091.41	6
1091.45	0
1091.49	-4
1091.53	-1
1091.57	-1
1091.61	8
1091.64	3
1091.68	2
1091.72	1
1091.76	-3
1091.8	-4
1091.84	-4
1091.88	2
1091.92	-3
1091.96	0
1092	-3
1092.04	3
1092.08	0
1092.12	-7
1092.16	1
1092.2	3
1092.24	4
1092.28	1
1092.31	8
1092.35	12
1092.39	-2
1092.43	2
1092.47	3
1092.51	-9
1092.55	-2
1092.59	-8
1092.63	-2
1092.67	-2
1092.71	-3
1092.75	-3
1092.79	1
1092.83	0
1092.87	3
1092.91	-2
1092.95	-4
1092.98	2
1093.02	-1
1093.06	2
1093.1	-6
1093.14	-5
1093.18	1
1093.22	2
1093.26	4
1093.3	-13
1093.34	-4
1093.38	2
1093.42	5
1093.46	-5
1093.5	0
1093.54	9
1093.58	1
1093.62	-3
1093.65	0
1093.69	-1
1093.73	-1
1093.77	2
1093.81	6
1093.85	5
1093.89	7
1093.93	5
1093.97	6
1094.01	5
1094.05	5
1094.09	-3
1094.13	-1
1094.17	8
1094.21	1
1094.25	7
1094.28	8
1094.32	11
1094.36	-4
1094.4	5
1094.44	1
1094.48	3
1094.52	-1
1094.56	-3
1094.6	8
1094.64	8
1094.68	3
1094.72	-3
1094.76	0
1094.8	2
1094.84	0
1094.88	-1
1094.92	-2
1094.95	2
1094.99	-1
1095.03	-1
1095.07	4
1095.11	0
1095.15	6
1095.19	11
1095.23	-1
1095.27	-4
1095.31	3
1095.35	-6
1095.39	2
1095.43	0
1095.47	-2
1095.51	-2
1095.55	4
1095.58	14
1095.62	11
1095.66	-7
1095.7	5
1095.74	10
1095.78	5
1095.82	0
1095.86	11
1095.9	-8
1095.94	4
1095.98	4
1096.02	-6
1096.06	0
1096.1	0
1096.14	2
1096.18	-1
1096.21	7
1096.25	10
1096.29	-2
1096.33	-3
1096.37	-4
1096.41	3
1096.45	13
1096.49	1
1096.53	1
1096.57	1
1096.61	5
1096.65	8
1096.69	8
1096.73	0
1096.77	2
1096.81	11
1096.84	-4
1096.88	7
1096.92	3
1096.96	6
1097	4
1097.04	5
1097.08	2
1097.12	-6
1097.16	-4
1097.2	7
1097.24	6
1097.28	-7
1097.32	5
1097.36	2
1097.4	2
1097.44	3
1097.47	8
1097.51	-1
1097.55	6
1097.59	3
1097.63	5
1097.67	0
1097.71	9
1097.75	-1
1097.79	-2
1097.83	1
1097.87	7
1097.91	5
1097.95	3
1097.99	-2
1098.03	11
1098.06	-2
1098.1	8
1098.14	4
1098.18	6
1098.22	-13
1098.26	-2
1098.3	-2
1098.34	-5
1098.38	7
1098.42	5
1098.46	0
1098.5	7
1098.54	0
1098.58	-1
1098.62	-1
1098.66	2
1098.69	7
1098.73	2
1098.77	-5
1098.81	1
1098.85	14
1098.89	-5
1098.93	4
1098.97	5
1099.01	5
1099.05	-4
1099.09	-3
1099.13	1
1099.17	4
1099.21	3
1099.25	8
1099.28	-2
1099.32	-4
1099.36	5
1099.4	6
1099.44	0
1099.48	10
1099.52	7
1099.56	-1
1099.6	5
1099.64	6
1099.68	2
1099.72	1
1099.76	8
1099.8	0
1099.84	-10
1099.87	3
1099.91	-3
1099.95	4
1099.99	-3
1100.03	-5
1100.07	-2
1100.11	0
1100.15	6
1100.19	1
1100.23	1
1100.27	2
1100.31	0
1100.35	6
1100.39	2
1100.43	2
1100.46	1
1100.5	-1
1100.54	0
1100.58	5
1100.62	6
1100.66	12
1100.7	-7
1100.74	4
1100.78	-2
1100.82	0
1100.86	4
1100.9	11
1100.94	0
1100.98	3
1101.02	2
1101.05	-2
1101.09	1
1101.13	6
1101.17	6
1101.21	2
1101.25	-6
1101.29	13
1101.33	3
1101.37	3
1101.41	3
1101.45	4
1101.49	5
1101.53	1
1101.57	3
1101.6	-4
1101.64	6
1101.68	6
1101.72	13
1101.76	4
1101.8	8
1101.84	2
1101.88	7
1101.92	5
1101.96	6
1102	-7
1102.04	0
1102.08	3
1102.12	3
1102.16	-1
1102.19	6
1102.23	-3
1102.27	-2
1102.31	-9
1102.35	6
1102.39	4
1102.43	5
1102.47	3
1102.51	9
1102.55	-11
1102.59	5
1102.63	-4
1102.67	2
1102.71	9
1102.74	-3
1102.78	5
1102.82	-4
1102.86	7
1102.9	3
1102.94	1
1102.98	-2
1103.02	-2
1103.06	-1
1103.1	2
1103.14	-2
1103.18	3
1103.22	-4
1103.26	0
1103.3	6
1103.33	6
1103.37	4
1103.41	4
1103.45	-12
1103.49	2
1103.53	3
1103.57	5
1103.61	5
1103.65	-8
1103.69	0
1103.73	0
1103.77	-9
1103.81	-3
1103.85	-1
1103.88	-9
1103.92	-2
1103.96	0
1104	4
1104.04	5
1104.08	8
1104.12	2
1104.16	3
1104.2	6
1104.24	3
1104.28	0
1104.32	6
1104.36	6
1104.4	3
1104.43	-9
1104.47	6
1104.51	-1
1104.55	7
1104.59	1
1104.63	5
1104.67	-3
1104.71	7
1104.75	-2
1104.79	-5
1104.83	7
1104.87	-1
1104.91	1
1104.95	-7
1104.98	2
1105.02	4
1105.06	-1
1105.1	8
1105.14	-1
1105.18	-4
1105.22	2
1105.26	4
1105.3	7
1105.34	3
1105.38	14
1105.42	0
1105.46	-1
1105.5	10
1105.53	-5
1105.57	-6
1105.61	-3
1105.65	-6
1105.69	1
1105.73	-10
1105.77	2
1105.81	-4
1105.85	-7
1105.89	-23
1105.93	6
1105.97	1
1106.01	-2
1106.05	5
1106.08	-2
1106.12	8
1106.16	-3
1106.2	-6
1106.24	-3
1106.28	8
1106.32	4
1106.36	-12
1106.4	6
1106.44	-2
1106.48	-3
1106.52	4
1106.56	10
1106.59	0
1106.63	8
1106.67	-6
1106.71	5
1106.75	-7
1106.79	-2
1106.83	1
1106.87	-1
1106.91	3

